Round 0:
S = [15156139584436580362, 4316460942492421664, 14668933071403810530, 2272384961507280289, 3780651063973475918, 1508372517827217543, 4101124298705953058, 2914642796921837401, 18289518483370807417, 15956946390913211313, 11587142886780424482, 11302315708274775484, 7649127305938491967, 15464035254626878010, 5485183972683228223, 3831059404720630564]
r = [8779759679183284278, 12016836818739642811]

Round 1:
S = [15445571704314003776, 17393982275645747337, 10199006464691547693, 9315915952659092248, 18049840839399552178, 17966592713232998268, 17768550558351343560, 14784345678969845564, 4808746161595549052, 13110459875693015343, 4271101001650489945, 1021083798903627913, 14172465505684232877, 13730791766818266403, 13636463248025857557, 2116568549886005043]
r = [11320418601733610531, 106182486727221403]

Round 2:
S = [9464996998843945980, 6010994530748690156, 15562445396890889632, 9634987844497378284, 10987118014900757548, 12215923033904278064, 15456522937878762621, 18339704908423381010, 9116105709751463726, 6155965618683547639, 3141385385431169428, 3695580487027136194, 3659722425596523136, 14480858574515142457, 8545281231690802563, 16415497476318706573]
r = [15188524641599292736, 4089660749517788012]

Round 3:
S = [10661512483646610713, 5467781252472766432, 9568743268527324937, 13477713131487907602, 9922635049905332097, 5142663101823658378, 214153181707575186, 5136802821189727841, 11306905845938451232, 13078249059310082628, 2216164146780493796, 1583586730416669427, 11397225669516928634, 3358361095909415952, 13187757969219568300, 14693622564455998726]
r = [2460952902379443444, 3067446890324373540]

Round 4:
S = [6933837470594729828, 13193712252196399035, 11868172571207745584, 477833459766443376, 8539986255910680256, 2281870474729151926, 12277700130987429343, 14987275789460867201, 5681859612312392001, 11244383710585016071, 7095181460801045028, 1687443654100608984, 14164530163077223885, 8046746873665967693, 1243701152908726513, 10215286343750969348]
r = [10368023173611729990, 6471862558511157311]

Round 5:
S = [8953904516715845047, 13133754096872353026, 3622230222511046904, 7941172526336556031, 1631163047156810031, 7268344309034167185, 16329710362577603584, 291535660218610868, 10761092156379007759, 10027471196452916683, 13800311405444097674, 1215627589431273311, 8610091129985626248, 3113618514644442528, 10347719931798216598, 11044841683003617504]
r = [15407781603799986981, 4403339703777111513]

Round 6:
S = [15527411713020042602, 17638046558520300932, 5242385529898876469, 7664276210938965264, 6267978587701354860, 7289707968459006757, 11603825479498795754, 7804816179622072386, 12740047339355247142, 15840677515819511901, 11145474041059184615, 3157938543639882348, 14573631054282055884, 4973114227712508249, 15260530278775917594, 8520833728959687453]
r = [13897429673517598198, 9052381670308334274]

Round 7:
S = [17643266123732254792, 7750769010970959245, 17505318186938147041, 8759092470272956657, 972334483051921123, 8821528684999130088, 16710990556963468754, 12907209234474458734, 1820892847902422538, 10997785481029452967, 5348527510332076935, 2118116287687896147, 5713998497096480118, 10215114261607247736, 10982778187534730172, 14032993645537630144]
r = [17430993930630676031, 15986193247276377810]

Round 8:
S = [14132719632081140899, 1532471115061560120, 13116889980249593408, 12242692723621668825, 127102353887458715, 10594086354032057353, 10814003628713820129, 13819803934359958331, 8612859458431839434, 4180272964286843726, 7294749653612843218, 14333739951358835201, 13514127212136755036, 11214920049534769584, 17136020996847483600, 3871010073965154339]
r = [14682708462382645987, 12610574435338634514]

Round 9:
S = [13720739896679672829, 16420275696939522923, 922267025466228184, 7612841926647564505, 3930355790666950335, 4595925195800931205, 5423643994990028512, 17673801665936794884, 4269216589519300108, 16560409517246345838, 2273709288419724518, 1742678804183853205, 2888444996513886237, 518374697656106006, 16083709713436217204, 9651355129391157317]
r = [7412148870406845503, 14691523289646849463]

Round 10:
S = [16694779367267089148, 15855391136537023023, 5704699669492965321, 7059071461799149258, 14401781887195065575, 6851901421063201679, 10869839583620527209, 7858100877574980235, 4657451619095989725, 16118767065937408118, 1335835726356632468, 3851571173828425417, 2886246029013477140, 5492839262785473861, 12839984095671579746, 10014471187903897961]
r = [10204399419549105518, 10297705368474152590]
